SAMPLE,353659,1017.220,-5.31
SAMPLE,354576,1017.220,-5.32
SASAMPLE,381169,1017.520,-7.52
SAMPLE,382086,1017.530,-7.59
SAMPLE,383003,1017.530,-7.66
SAMPLE,383920,1017.540,-7.72
SAMPLE,384837,1017.540,-7.78
SAMPLE,385754,1017.550,-7.84
SAMPLE,386671,1017.550,-7.89
SAMPLE,387588,1017.560,-7.94
SAMPLE,388505,1017.560,-7.98
SAMPLE,389422,1017.560,-8.02
SAMPLE,390339,1017.560,-8.05
SAMPLE,391256,1017.560,-8.07
SAMPLE,392173,1017.560,-8.09
SAMPLE,393090,1017.560,-8.10
SAMPLE,394007,1017.560,-8.11
SAMPLE,394924,1017.560,-8.12
SAMPLE,395841,1017.560,-8.13
SAMPLE,396758,1017.560,-8.14
SAMPLE,397675,1017.560,-8.14
SAMPLE,398592,1017.560,-8.14
SAMPLE,399509,1017.560,-8.15
SAMPLE,400426,1017.560,-8.15
SAMPLE,401343,1017.560,-8.15
SAMPLE,402260,1017.570,-8.17
SAMPLE,403177,1017.570,-8.18
SAMPLE,404094,1017.570,-8.20
SAMPLE,405011,1017.570,-8.21
SAMPLE,405928,1017.570,-8.21
SAMPLE,406845,1017.570,-8.22
SAMPLE,407762,1017.570,-8.22
SAMPLE,408679,1017.570,-8.23
SAMPLE,409596,1017.570,-8.23
SAMPLE,410513,1017.570,-8.23
SAMPLE,411430,1017.570,-8.24
SAMPLE,412347,1017.570,-8.24
SAMPLE,413264,1017.570,-8.24
SAMPLE,414181,1017.570,-8.24
SAMPLE,415098,1017.580,-8.26
SAMPLE,416015,1017.580,-8.27
SAMPLE,416932,1017.580,-8.28
SAMPLE,417849,1017.580,-8.29
SAMPLE,418766,1017.580,-8.30
SAMPLE,419683,1017.580,-8.30
SAMPLE,420600,1017.580,-8.31
SAMPLE,421517,1017.580,-8.31
SAMPLE,422434,1017.580,-8.31
SAMPLE,423351,1017.590,-8.33
SAMPLE,424268,1017.590,-8.35
SAMPLE,425185,1017.590,-8.36
SAMPLE,426102,1017.590,-8.37
SAMPLE,427019,1017.590,-8.38
SAMPLE,427936,1017.590,-8.38
SAMPLE,428853,1017.590,-8.39
SAMPLE,429770,1017.590,-8.39
SAMPLE,430687,1017.590,-8.40
