SAMPLE,563652,1018.260,-13.99
SAMPLE,564569,1018.260,-13.98
SSAMPLE,588411,1018.620,-16.31
SAMPLE,589328,1018.630,-16.46
SAMPLE,590245,1018.650,-16.60
SAMPLE,591162,1018.670,-16.75
SAMPLE,592079,1018.680,-16.89
SAMPLE,592996,1018.690,-17.02
SAMPLE,593913,1018.700,-17.14
SAMPLE,594830,1018.710,-17.25
SAMPLE,595747,1018.710,-17.34
SAMPLE,596664,1018.720,-17.42
SAMPLE,597581,1018.720,-17.49
SAMPLE,598498,1018.730,-17.57
SAMPLE,599415,1018.730,-17.62
SAMPLE,600332,1018.740,-17.69
SAMPLE,601249,1018.740,-17.74
SAMPLE,602166,1018.750,-17.79
SAMPLE,603083,1018.750,-17.84
SAMPLE,604000,1018.750,-17.88
SAMPLE,604917,1018.760,-17.92
SAMPLE,605834,1018.760,-17.96
SAMPLE,606751,1018.760,-17.99
SAMPLE,607668,1018.770,-18.03
SAMPLE,608585,1018.770,-18.06
SAMPLE,609502,1018.770,-18.09
SAMPLE,610419,1018.780,-18.12
SAMPLE,611336,1018.780,-18.15
SAMPLE,612253,1018.780,-18.18
SAMPLE,613170,1018.790,-18.21
SAMPLE,614087,1018.790,-18.24
SAMPLE,615004,1018.790,-18.26
SAMPLE,615921,1018.790,-18.28
SAMPLE,616838,1018.790,-18.30
SAMPLE,617755,1018.790,-18.31
SAMPLE,618672,1018.790,-18.32
SAMPLE,619589,1018.790,-18.32
SAMPLE,620506,1018.790,-18.33
SAMPLE,621423,1018.790,-18.33
SAMPLE,622340,1018.790,-18.34
SAMPLE,623257,1018.800,-18.36
SAMPLE,624174,1018.790,-18.36
SAMPLE,625091,1018.790,-18.36
SAMPLE,626008,1018.790,-18.36
SAMPLE,626925,1018.790,-18.36
SAMPLE,627842,1018.790,-18.36
SAMPLE,628759,1018.790,-18.36
SAMPLE,629676,1018.790,-18.35
SAMPLE,630593,1018.790,-18.35
SAMPLE,631510,1018.790,-18.35
SAMPLE,632427,1018.790,-18.35
SAMPLE,633344,1018.790,-18.35
