SAMPLE,634261,1018.790,-18.35
SAMPLE,635178,1018.800,-18.37
SSAMPLE,648933,1018.950,-19.15
SAMPLE,649850,1018.960,-19.27
SAMPLE,650767,1018.970,-19.39
SAMPLE,651684,1018.980,-19.50
SAMPLE,652601,1018.990,-19.60
SAMPLE,653518,1019.000,-19.70
SAMPLE,654435,1019.000,-19.78
SAMPLE,655352,1019.010,-19.86
SAMPLE,656269,1019.020,-19.94
SAMPLE,657186,1019.020,-20.00
SAMPLE,658103,1019.020,-20.05
SAMPLE,659020,1019.030,-20.11
SAMPLE,659937,1019.030,-20.16
SAMPLE,660854,1019.030,-20.19
SAMPLE,661771,1019.040,-20.24
SAMPLE,662688,1019.040,-20.28
SAMPLE,663605,1019.040,-20.31
SAMPLE,664522,1019.040,-20.33
SAMPLE,665439,1019.050,-20.37
SAMPLE,666356,1019.050,-20.39
SAMPLE,667273,1019.050,-20.42
SAMPLE,668190,1019.050,-20.43
SAMPLE,669107,1019.050,-20.45
SAMPLE,670024,1019.050,-20.46
SAMPLE,670941,1019.050,-20.47
SAMPLE,671858,1019.050,-20.48
SAMPLE,672775,1019.050,-20.48
SAMPLE,673692,1019.050,-20.49
SAMPLE,674609,1019.050,-20.49
SAMPLE,675526,1019.050,-20.49
SAMPLE,676443,1019.050,-20.50
SAMPLE,677360,1019.050,-20.50
SAMPLE,678277,1019.050,-20.50
SAMPLE,679194,1019.050,-20.50
SAMPLE,680111,1019.060,-20.52
SAMPLE,681028,1019.060,-20.53
SAMPLE,681945,1019.060,-20.55
SAMPLE,682862,1019.070,-20.57
SAMPLE,683779,1019.070,-20.59
SAMPLE,684696,1019.060,-20.59
SAMPLE,685613,1019.070,-20.61
SAMPLE,686530,1019.070,-20.62
SAMPLE,687447,1019.070,-20.63
SAMPLE,688364,1019.070,-20.64
SAMPLE,689281,1019.070,-20.65
SAMPLE,690198,1019.070,-20.65
SAMPLE,691115,1019.070,-20.66
SAMPLE,692032,1019.080,-20.68
SAMPLE,692949,1019.080,-20.69
SAMPLE,693866,1019.070,-20.69
SAMPLE,694783,1019.070,-20.68
