SAMPLE,508632,1017.930,-11.16
SAMPLE,509549,1017.930,-11.17
SSAMPLE,526972,1018.140,-12.45
SAMPLE,527889,1018.160,-12.58
SAMPLE,528806,1018.170,-12.71
SAMPLE,529723,1018.190,-12.84
SAMPLE,530640,1018.200,-12.97
SAMPLE,531557,1018.210,-13.08
SAMPLE,532474,1018.210,-13.18
SAMPLE,533391,1018.220,-13.27
SAMPLE,534308,1018.230,-13.36
SAMPLE,535225,1018.230,-13.43
SAMPLE,536142,1018.240,-13.50
SAMPLE,537059,1018.250,-13.58
SAMPLE,537976,1018.250,-13.64
SAMPLE,538893,1018.260,-13.70
SAMPLE,539810,1018.260,-13.75
SAMPLE,540727,1018.260,-13.80
SAMPLE,541644,1018.270,-13.85
SAMPLE,542561,1018.270,-13.89
SAMPLE,543478,1018.270,-13.92
SAMPLE,544395,1018.280,-13.96
SAMPLE,545312,1018.280,-13.99
SAMPLE,546229,1018.280,-14.02
SAMPLE,547146,1018.280,-14.04
SAMPLE,548063,1018.280,-14.06
SAMPLE,548980,1018.280,-14.07
SAMPLE,549897,1018.280,-14.08
SAMPLE,550814,1018.280,-14.09
SAMPLE,551731,1018.280,-14.10
SAMPLE,552648,1018.280,-14.11
SAMPLE,553565,1018.280,-14.11
SAMPLE,554482,1018.270,-14.10
SAMPLE,555399,1018.270,-14.09
SAMPLE,556316,1018.270,-14.08
SAMPLE,557233,1018.270,-14.07
SAMPLE,558150,1018.260,-14.05
SAMPLE,559067,1018.260,-14.03
SAMPLE,559984,1018.260,-14.02
SAMPLE,560901,1018.260,-14.01
SAMPLE,561818,1018.260,-14.00
SAMPLE,562735,1018.260,-13.99
