SAMPLE,194101,1016.480,0.77
SAMPLE,195018,1016.480,0.78
SAMSAMPLE,220694,1016.730,-0.91
SAMPLE,221611,1016.740,-1.00
SAMPLE,222528,1016.750,-1.09
SAMPLE,223445,1016.750,-1.16
SAMPLE,224362,1016.760,-1.23
SAMPLE,225279,1016.770,-1.31
SAMPLE,226196,1016.770,-1.37
SAMPLE,227113,1016.770,-1.42
SAMPLE,228030,1016.770,-1.45
SAMPLE,228947,1016.780,-1.50
SAMPLE,229864,1016.780,-1.54
SAMPLE,230781,1016.780,-1.57
SAMPLE,231698,1016.780,-1.59
SAMPLE,232615,1016.780,-1.61
SAMPLE,233532,1016.790,-1.64
SAMPLE,234449,1016.790,-1.67
SAMPLE,235366,1016.790,-1.69
SAMPLE,236283,1016.800,-1.72
SAMPLE,237200,1016.800,-1.75
SAMPLE,238117,1016.800,-1.77
SAMPLE,239034,1016.800,-1.79
SAMPLE,239951,1016.800,-1.80
SAMPLE,240868,1016.800,-1.81
SAMPLE,241785,1016.800,-1.82
SAMPLE,242702,1016.800,-1.83
SAMPLE,243619,1016.800,-1.83
SAMPLE,244536,1016.810,-1.85
SAMPLE,245453,1016.810,-1.87
SAMPLE,246370,1016.810,-1.89
SAMPLE,247287,1016.810,-1.90
SAMPLE,248204,1016.810,-1.90
SAMPLE,249121,1016.810,-1.91
SAMPLE,250038,1016.810,-1.92
SAMPLE,250955,1016.810,-1.92
SAMPLE,251872,1016.810,-1.92
SAMPLE,252789,1016.810,-1.93
SAMPLE,253706,1016.810,-1.93
SAMPLE,254623,1016.810,-1.93
SAMPLE,255540,1016.810,-1.93
SAMPLE,256457,1016.820,-1.95
SAMPLE,257374,1016.820,-1.97
SAMPLE,258291,1016.820,-1.98
SAMPLE,259208,1016.810,-1.97
SAMPLE,260125,1016.820,-1.98
SAMPLE,261042,1016.820,-1.99
SAMPLE,261959,1016.820,-1.99
SAMPLE,262876,1016.820,-2.00
SAMPLE,263793,1016.820,-2.00
SAMPLE,264710,1016.820,-2.01
SAMPLE,265627,1016.820,-2.01
SAMPLE,266544,1016.820,-2.01
SAMPLE,267461,1016.820,-2.02
SAMPLE,268378,1016.830,-2.03
SAMPLE,269295,1016.830,-2.05
SAMPLE,270212,1016.830,-2.06
SAMPLE,271129,1016.830,-2.07
SAMPLE,272046,1016.830,-2.08
SAMPLE,272963,1016.830,-2.08
SAMPLE,273880,1016.830,-2.09
SAMPLE,274797,1016.830,-2.09
SAMPLE,275714,1016.840,-2.11
