SAMPLE,431604,1017.590,-8.40
SAMPLE,432521,1017.590,-8.40
SASAMPLE,452695,1017.800,-9.62
SAMPLE,453612,1017.820,-9.76
SAMPLE,454529,1017.830,-9.89
SAMPLE,455446,1017.840,-10.01
SAMPLE,456363,1017.850,-10.12
SAMPLE,457280,1017.860,-10.22
SAMPLE,458197,1017.870,-10.33
SAMPLE,459114,1017.870,-10.41
SAMPLE,460031,1017.880,-10.49
SAMPLE,460948,1017.880,-10.55
SAMPLE,461865,1017.880,-10.61
SAMPLE,462782,1017.890,-10.66
SAMPLE,463699,1017.900,-10.73
SAMPLE,464616,1017.900,-10.78
SAMPLE,465533,1017.910,-10.83
SAMPLE,466450,1017.910,-10.88
SAMPLE,467367,1017.910,-10.92
SAMPLE,468284,1017.910,-10.94
SAMPLE,469201,1017.910,-10.97
SAMPLE,470118,1017.910,-10.99
SAMPLE,471035,1017.910,-11.00
SAMPLE,471952,1017.910,-11.01
SAMPLE,472869,1017.920,-11.04
SAMPLE,473786,1017.920,-11.06
SAMPLE,474703,1017.920,-11.08
SAMPLE,475620,1017.920,-11.09
SAMPLE,476537,1017.920,-11.10
SAMPLE,477454,1017.920,-11.11
SAMPLE,478371,1017.920,-11.12
SAMPLE,479288,1017.910,-11.11
SAMPLE,480205,1017.910,-11.10
SAMPLE,481122,1017.910,-11.09
SAMPLE,482039,1017.910,-11.08
SAMPLE,482956,1017.910,-11.08
SAMPLE,483873,1017.910,-11.08
SAMPLE,484790,1017.910,-11.07
SAMPLE,485707,1017.910,-11.07
SAMPLE,486624,1017.920,-11.09
SAMPLE,487541,1017.920,-11.10
SAMPLE,488458,1017.920,-11.11
SAMPLE,489375,1017.920,-11.11
SAMPLE,490292,1017.920,-11.12
SAMPLE,491209,1017.910,-11.11
SAMPLE,492126,1017.920,-11.12
SAMPLE,493043,1017.920,-11.12
SAMPLE,493960,1017.920,-11.13
SAMPLE,494877,1017.920,-11.13
SAMPLE,495794,1017.920,-11.13
SAMPLE,496711,1017.920,-11.14
SAMPLE,497628,1017.920,-11.14
SAMPLE,498545,1017.920,-11.14
SAMPLE,499462,1017.920,-11.14
SAMPLE,500379,1017.920,-11.14
SAMPLE,501296,1017.920,-11.14
SAMPLE,502213,1017.920,-11.14
SAMPLE,503130,1017.920,-11.14
SAMPLE,504047,1017.920,-11.14
SAMPLE,504964,1017.920,-11.14
SAMPLE,505881,1017.920,-11.14
SAMPLE,506798,1017.920,-11.14
