SAMPLE,276631,1016.840,-2.13
SAMPLE,277548,1016.840,-2.14
SASAMPLE,299556,1017.110,-3.95
SAMPLE,300473,1017.120,-4.06
SAMPLE,301390,1017.120,-4.15
SAMPLE,302307,1017.130,-4.24
SAMPLE,303224,1017.140,-4.33
SAMPLE,304141,1017.140,-4.40
SAMPLE,305058,1017.150,-4.47
SAMPLE,305975,1017.150,-4.53
SAMPLE,306892,1017.150,-4.57
SAMPLE,307809,1017.160,-4.63
SAMPLE,308726,1017.160,-4.67
SAMPLE,309643,1017.170,-4.72
SAMPLE,310560,1017.170,-4.76
SAMPLE,311477,1017.170,-4.80
SAMPLE,312394,1017.180,-4.84
SAMPLE,313311,1017.180,-4.87
SAMPLE,314228,1017.180,-4.90
SAMPLE,315145,1017.190,-4.94
SAMPLE,316062,1017.190,-4.97
SAMPLE,316979,1017.190,-4.99
SAMPLE,317896,1017.190,-5.01
SAMPLE,318813,1017.200,-5.04
SAMPLE,319730,1017.200,-5.07
SAMPLE,320647,1017.200,-5.09
SAMPLE,321564,1017.200,-5.11
SAMPLE,322481,1017.210,-5.14
SAMPLE,323398,1017.210,-5.16
SAMPLE,324315,1017.210,-5.18
SAMPLE,325232,1017.210,-5.20
SAMPLE,326149,1017.210,-5.21
SAMPLE,327066,1017.210,-5.22
SAMPLE,327983,1017.210,-5.23
SAMPLE,328900,1017.210,-5.23
SAMPLE,329817,1017.210,-5.24
SAMPLE,330734,1017.210,-5.24
SAMPLE,331651,1017.220,-5.26
SAMPLE,332568,1017.220,-5.28
SAMPLE,333485,1017.220,-5.29
SAMPLE,334402,1017.220,-5.30
SAMPLE,335319,1017.210,-5.29
SAMPLE,336236,1017.210,-5.28
SAMPLE,337153,1017.210,-5.28
SAMPLE,338070,1017.220,-5.29
SAMPLE,338987,1017.220,-5.30
SAMPLE,339904,1017.210,-5.29
SAMPLE,340821,1017.210,-5.29
SAMPLE,341738,1017.210,-5.28
SAMPLE,342655,1017.210,-5.28
SAMPLE,343572,1017.210,-5.27
SAMPLE,344489,1017.210,-5.27
SAMPLE,345406,1017.210,-5.27
SAMPLE,346323,1017.220,-5.28
SAMPLE,347240,1017.220,-5.29
SAMPLE,348157,1017.220,-5.30
SAMPLE,349074,1017.220,-5.31
SAMPLE,349991,1017.210,-5.30
SAMPLE,350908,1017.210,-5.29
SAMPLE,351825,1017.220,-5.30
SAMPLE,352742,1017.220,-5.31
