SAMPLE,98733,1016.470,0.95
SAMPLE,99650,1016.470,0.94
SAMPSAMPLE,137247,1016.450,1.01
SAMPLE,138164,1016.460,1.00
SAMPLE,139081,1016.460,0.99
SAMPLE,139998,1016.460,0.99
SAMPLE,140915,1016.460,0.98
SAMPLE,141832,1016.450,1.00
SAMPLE,142749,1016.450,1.01
SAMPLE,143666,1016.450,1.01
SAMPLE,144583,1016.450,1.02
SAMPLE,145500,1016.460,1.01
SAMPLE,146417,1016.460,1.00
SAMPLE,147334,1016.460,0.99
SAMPLE,148251,1016.460,0.99
SAMPLE,149168,1016.460,0.98
SAMPLE,150085,1016.460,0.98
SAMPLE,151002,1016.460,0.98
SAMPLE,151919,1016.460,0.97
SAMPLE,152836,1016.470,0.96
SAMPLE,153753,1016.470,0.94
SAMPLE,154670,1016.470,0.93
SAMPLE,155587,1016.470,0.92
SAMPLE,156504,1016.480,0.90
SAMPLE,157421,1016.480,0.88
SAMPLE,158338,1016.480,0.86
SAMPLE,159255,1016.480,0.85
SAMPLE,160172,1016.480,0.84
SAMPLE,161089,1016.480,0.83
SAMPLE,162006,1016.480,0.82
SAMPLE,162923,1016.480,0.82
SAMPLE,163840,1016.480,0.82
SAMPLE,164757,1016.480,0.81
SAMPLE,165674,1016.480,0.81
SAMPLE,166591,1016.480,0.81
SAMPLE,167508,1016.470,0.82
SAMPLE,168425,1016.480,0.82
SAMPLE,169342,1016.480,0.81
SAMPLE,170259,1016.480,0.81
SAMPLE,171176,1016.480,0.81
SAMPLE,172093,1016.480,0.81
SAMPLE,173010,1016.480,0.81
SAMPLE,173927,1016.480,0.80
SAMPLE,174844,1016.480,0.80
SAMPLE,175761,1016.480,0.80
SAMPLE,176678,1016.470,0.82
SAMPLE,177595,1016.470,0.83
SAMPLE,178512,1016.480,0.83
SAMPLE,179429,1016.480,0.82
SAMPLE,180346,1016.480,0.82
SAMPLE,181263,1016.480,0.81
SAMPLE,182180,1016.490,0.79
SAMPLE,183097,1016.490,0.78
SAMPLE,184014,1016.490,0.77
SAMPLE,184931,1016.490,0.76
SAMPLE,185848,1016.490,0.75
SAMPLE,186765,1016.490,0.74
SAMPLE,187682,1016.490,0.74
SAMPLE,188599,1016.490,0.73
SAMPLE,189516,1016.490,0.73
SAMPLE,190433,1016.490,0.73
SAMPLE,191350,1016.480,0.74
SAMPLE,192267,1016.480,0.75
SAMPLE,193184,1016.480,0.76
